30
200
-4107 2542
-8151 1571
-1804 -9928
-6175 -2990
232 -8579
-3414 1408
2874 -938
-7807 -1533
-7565 6090
4005 5016
-7246 662
-216 3804
4884 3077
9872 -7231
6961 -6825
9177 9622
-7623 4784
2764 2625
6625 525
7853 7992
9896 7359
3803 7320
-7584 -1826
8125 -8149
-2319 7549
-8307 7610
-4852 7968
7985 5491
-8718 -176
-2052 -9793
5494 -1841
-9126 5103
-2968 9312
4536 8598
9425 -4670
5068 3914
-1010 7352
-7575 7946
5239 1667
8554 -4580
-9362 -2336
-5052 -2832
6440 8054
2362 7168
-3087 -998
8057 -2957
-6912 7088
6105 9785
1276 -2951
3923 2990
3052 -717
-1261 3605
7609 -3885
-879 -6476
-5642 4844
6843 8090
-6815 -4391
-4163 9109
-6619 7600
-6713 1545
6196 -8564
3775 2261
-3136 -9005
5479 -6170
-6728 7112
7767 1870
2626 -5229
4334 7701
131 7159
8186 -9557
-2482 1982
-3478 -2478
-193 -6368
5086 -4974
-774 -2429
-8643 6634
-5430 4759
-3576 359
-9760 2960
-8904 8730
3056 -8194
-3230 9586
8116 -5802
6225 -3036
-4832 4390
-3038 6376
8053 4651
5530 -3468
4999 -4566
4189 426
-437 -6043
-4877 -1787
7277 -2083
2692 8796
3219 9500
-7373 4601
2503 -1679
-9883 9648
-2535 -1174
5603 413
609 398
759 -7147
3854 5922
6032 7821
-5745 -4582
4864 3648
-4571 -9746
8897 -2540
204 1900
2649 -3962
-8230 3586
-3063 -9442
231 7874
5285 6508
7872 -1547
-5285 4555
-8553 -7315
3719 -3693
-5022 -8075
2504 9152
5699 7996
-7835 -5438
-9955 328
7432 4492
7622 7432
-7620 -3735
2002 1410
719 8458
-719 6567
8265 7380
1602 -2261
2965 -275
-8034 94
6972 -3193
3427 1779
8009 -6703
-2213 2048
-9584 -2958
-6969 2664
-9761 4514
8465 5536
4353 -3907
-2381 2006
5427 4369
-6736 -2995
-1119 3774
-2153 1611
-8918 -635
2764 -9942
-5183 -7584
8229 2586
-5717 9080
1251 -3753
4329 2865
-9951 2842
3244 -9217
2982 6704
-2115 -6743
2648 -5799
5373 2043
-8470 2597
-585 8484
-8091 -4629
-464 5771
7567 1980
-2473 6975
369 -9223
3614 -8848
3518 -5740
3249 -2050
9781 -7739
9540 1673
-9079 2204
-7299 -7517
-2166 8834
-9914 -7948
2997 1572
6191 -2064
3964 3699
1597 -6289
3743 931
-1032 6190
-7824 6363
-6125 6191
-5050 7232
1207 -5808
-6979 -5687
-2655 9024
-5142 -5585
-7884 1194
9292 544
8474 -3793
5383 -2950
7870 -6911
84 -4589
4499 -5576
-5059 8641
-474 -3046
1088 -6951
-5412 3959
8
-536 106
-921 220
317 861
223 -459
137 722
-1 -762
-727 50
-602 -278
20
320 -446
-877 -797
-270 -975
-180 339
362 837
471 -315
919 969
375 -228
585 -945
739 536
741 -156
-896 227
681 -11
30 618
-451 57
-362 -52
310 253
918 -470
-237 -89
-1 479
20
424 -619
759 -435
-656 -65
-907 -622
357 556
-73 223
-621 -354
-204 -929
826 -115
-366 -967
341 -490
270 173
269 787
433 695
832 -422
565 -883
-634 655
700 -606
349 -582
-64 150
122
-9880 4535
-5554 -4613
2716 -6569
-112 -3941
1338 -4408
4421 -186
2248 6617
6342 1166
-3522 7331
5365 8781
-5769 -3892
2875 -6630
-1689 2619
9534 6505
1102 1880
-3672 1480
1645 4744
3704 5858
-2367 -2934
2814 1032
-1514 5080
5935 -1535
4612 -5541
-5246 5851
2174 2832
6377 6129
-3178 1852
4226 5682
1599 -4529
-7032 -8463
2104 8085
9585 7907
9182 9556
5447 -8416
-4397 -7278
-6632 -272
-4813 -6170
-2741 6233
8073 9642
-1755 6284
4506 7310
6658 3534
6648 8655
5611 -9881
-942 7055
-5312 9470
780 -7745
-7332 -7249
615 6082
2420 7355
8155 328
556 9922
-4079 -8338
-3664 1938
-1606 1984
8202 6564
-3410 -3781
-4754 8410
5596 -5645
7218 8075
9233 -8015
-9198 7200
9747 -5213
-4656 -4972
-4231 9871
-6936 -9792
-2645 -4820
-6533 7452
7947 3249
-5125 -1578
8751 -8454
5152 7037
-3322 8859
-7517 -7922
-7891 -7788
2329 2848
-4720 -7631
-2882 -5192
-327 -3673
-7839 105
4368 -5774
7839 -9233
8511 -4659
-6368 1682
-7023 -70
-8658 4598
-4256 2789
-1560 3331
-9951 -2080
-3418 116
-1327 -611
3924 1272
9614 3392
1591 7534
-3693 -2004
-9476 -8426
-638 -324
-2946 103
1638 354
-3043 -2345
-3663 -7180
-2417 7435
9876 4492
5567 1582
-3633 5841
-1165 -4721
-5335 6846
2509 6392
2171 -6558
2619 7311
89 -9838
-2724 -6668
-8662 4149
-5672 -4636
9608 6102
3760 6798
-1586 -9712
-6952 8874
7363 -6945
-7597 2047
-661 -8907
9036 -4423
200
-157 2893
-9293 3170
-3206 -5569
8712 -5519
-9084 6940
3514 5554
8866 9829
-4620 5778
2706 3820
-2034 422
4953 -3882
-822 -3764
-5857 6318
-3783 -9915
5947 6815
-7868 -3345
-10 4196
1602 -3173
-5260 4062
-6251 2751
-937 -5252
-6286 1268
4556 -7448
-8452 -6501
-3883 3981
1672 4173
-2239 7335
-3821 7913
-5091 8560
-8150 8893
3256 4690
3809 -8211
4153 -5848
4648 8453
5646 6145
-3620 -7445
-2634 1162
2977 -293
-9718 6826
4618 -9142
-8850 -1777
-8412 3506
-7096 -3872
1742 -6191
73 838
-8527 7180
6832 9140
3797 6846
-6551 -1362
-2087 -3403
-8390 328
-5209 7920
9685 7320
-9892 -5747
-8126 336
-7676 -2252
7271 -5755
-3009 8444
-5505 831
-5872 -8215
5390 -1553
-1065 -6096
6081 -8735
-9373 -7084
5013 -3413
4088 34
5348 6703
-6776 -3993
1139 -378
893 -5008
453 -3522
-3707 -4905
3073 3231
8607 2962
7384 -7242
7164 -9530
-5012 4551
-1541 5194
-3342 6924
8862 -9699
-1356 9498
-46 7936
-6067 -1455
-5516 3573
-1384 -9253
-1849 5570
9725 -3235
6796 8848
3518 -7233
9068 8530
198 -8786
4193 4334
5528 -8752
2443 -8293
-379 -8383
3874 9912
3873 -3295
2663 -3826
-4173 -6479
1267 6550
8950 3762
-1103 -3627
1625 -4631
-994 -5187
1101 -8969
-1579 4409
7608 -6346
-4048 -6890
-6098 -1794
-1166 -2659
-177 6793
5634 1216
-9572 1991
332 -4848
9146 -8617
-5312 -9869
-4047 -1465
-372 6962
1020 -807
-1164 -8965
-1786 3395
9315 -8955
-8983 4810
3004 -6086
-5924 3561
2993 9336
68 3893
225 -6409
-7143 4215
165 6198
-8332 7749
-9132 5618
1254 8908
-3151 2486
2005 6626
745 7945
-5697 -9439
8093 -6638
3637 -7621
-5546 -6049
-5554 -2148
2901 87
5304 -3950
1864 -5444
-1528 5527
-8959 634
-6214 -1520
9117 -183
1009 -4180
-4067 8049
620 -5106
7191 8125
-8424 9551
5120 3699
-2462 -8817
7248 -2069
-77 1153
8039 9859
190 6576
1502 5056
460 -7662
4164 5040
8683 -7468
-5109 799
1224 4626
6901 -2550
1816 -1289
-8523 9287
6345 -2570
-8925 768
-8334 5472
-9021 -6187
-1421 3756
-8053 5828
5149 835
-523 -8347
2677 -6477
-482 1993
-5708 -5062
-2973 -9269
-3644 -9772
441 8264
-4097 8486
517 2791
-5377 -6214
563 7619
5970 -5318
1824 6265
4173 -5730
4642 -7309
2301 2688
1963 -1760
4380 -8145
-3419 4760
5099 2855
-471 -5083
-3189 6614
-2010 -885
-3505 9233
-9361 -7754
20
-64 -315
566 -551
-938 126
326 -710
389 -522
229 -816
-989 725
542 601
298 -418
490 153
91 440
-34 -333
541 867
112 -348
-470 818
591 -39
-781 198
279 -435
-431 -701
718 -432
114
3287 -880
-8432 -6179
705 -4873
5803 -6057
9307 -2442
-8440 9757
-7858 5978
7259 4695
-1316 2819
-21 -9744
1802 3534
-9860 6186
-3248 -2132
-6234 -355
-8994 3502
-5966 1691
-4832 1527
4438 4109
9805 -1252
-974 -9902
158 6557
-5187 -6408
-5658 2941
5385 4052
2973 -1745
-8753 -4667
-5293 8169
4272 2983
-6925 8017
-3104 -3512
-1842 -4691
-4552 -4186
1351 4112
-7974 -4754
2086 -6316
-9154 -7933
-4024 6959
-3456 -2850
1458 4015
7813 -9158
1852 2791
7922 111
-1755 82
-3136 3892
9 -1010
9627 -4535
7776 -6108
2994 -2108
2860 5478
-4405 2553
-628 -7327
1960 -2154
-7843 -5958
8587 6089
-4462 3771
-6145 56
-3306 8224
-828 9875
8434 8227
-8922 -4517
2129 8880
-6442 4135
34 9198
-330 -5257
-5158 -6654
328 9084
-6040 6927
893 9847
-2301 4766
2867 -2345
7935 383
-2223 -2462
-7414 -1437
-1708 -310
8635 8394
4844 1041
-5856 6061
-8629 -6686
-4425 -1497
6549 -8477
-344 1668
1718 9015
4001 8714
-3609 5897
-9304 -5519
-4266 -2447
-6666 7278
6459 340
3109 -5964
849 -9853
-5536 -6580
5972 1147
7852 -5571
4818 9212
-5426 -7918
4956 1601
1001 -637
1567 6013
-8319 2967
9536 -100
3344 -2233
-9653 9854
-2454 -336
8665 -8566
-7847 -2452
240 566
3830 -6703
81 -3422
7704 -3182
-7568 -1947
-930 -9570
2714 -4304
-716 -9620
7620 5253
200
0 14
0 28
0 42
0 56
0 70
0 84
0 98
0 112
0 126
0 140
0 154
0 168
0 182
0 196
14 0
14 14
14 28
14 42
14 56
14 70
14 84
14 98
14 112
14 126
14 140
14 154
14 168
14 182
14 196
28 0
28 14
28 28
28 42
28 56
28 70
28 84
28 98
28 112
28 126
28 140
28 154
28 168
28 182
28 196
42 0
42 14
42 28
42 42
42 56
42 70
42 84
42 98
42 112
42 126
42 140
42 154
42 168
42 182
42 196
56 0
56 14
56 28
56 42
56 56
56 70
56 84
56 98
56 112
56 126
56 140
56 154
56 168
56 182
56 196
70 0
70 14
70 28
70 42
70 56
70 70
70 84
70 98
70 112
70 126
70 140
70 154
70 168
70 182
70 196
84 0
84 14
84 28
84 42
84 56
84 70
84 84
84 98
84 112
84 126
84 140
84 154
84 168
84 182
84 196
98 0
98 14
98 28
98 42
98 56
98 70
98 84
98 98
98 112
98 126
98 140
98 154
98 168
98 182
98 196
112 0
112 14
112 28
112 42
112 56
112 70
112 84
112 98
112 112
112 126
112 140
112 154
112 168
112 182
112 196
126 0
126 14
126 28
126 42
126 56
126 70
126 84
126 98
126 112
126 126
126 140
126 154
126 168
126 182
126 196
140 0
140 14
140 28
140 42
140 56
140 70
140 84
140 98
140 112
140 126
140 140
140 154
140 168
140 182
140 196
154 0
154 14
154 28
154 42
154 56
154 70
154 84
154 98
154 112
154 126
154 140
154 154
154 168
154 182
154 196
168 0
168 14
168 28
168 42
168 56
168 70
168 84
168 98
168 112
168 126
168 140
168 154
168 168
168 182
168 196
182 0
182 14
182 28
182 42
182 56
182 70
20
-82 -688
-353 282
176 791
708 39
-829 -240
5 -458
61 188
-560 108
-132 554
-838 867
-345 -13
512 631
864 -398
-294 -685
736 -33
446 -477
-775 479
284 825
151 348
95 24
20
-107 -254
502 -838
697 -476
-768 -374
375 -526
655 -962
-749 -332
677 -832
975 -193
631 -56
114 -641
873 -298
86 735
89 -742
-316 823
378 -169
973 -560
-896 -737
171 559
-861 -163
200
-286 1406
-3441 2118
-1822 -1158
-7040 8394
-7846 2159
-42 -7470
2243 2935
5700 1587
1928 4115
-8983 3668
-7237 -8821
5846 8129
3427 -3523
4352 -2834
-7857 6142
-9655 5276
62 -6282
-7896 5308
7782 5356
-7275 -7127
-3942 -9899
-996 -2087
-2912 -652
-559 8900
-8121 1780
-4166 4772
8145 4436
4983 -3309
-8012 890
-3252 9358
4764 909
-4737 -1632
-2718 -2390
-9371 -9499
-3930 -3709
-3612 -4391
9491 4402
1561 9212
-1157 -5579
-4228 -1911
5158 -7303
-6087 2421
1786 2735
-3202 4517
7179 -641
-7279 3656
-4013 5932
-8324 -7175
1936 8598
643 -2071
8107 5496
-6400 -6382
-7906 5827
-7984 -6316
6841 2382
5586 -3696
1447 7158
5081 -7515
-5612 5434
3357 225
9924 -1252
-628 4957
-627 5005
9224 -5960
-326 -8976
-7678 81
3797 3673
9240 -8732
-8181 -5104
2174 -7619
6970 -4662
6491 -50
-6843 -9119
-6742 5770
-3211 7079
964 7113
9897 -491
-800 5452
9750 3624
4875 -3385
3190 8978
-7255 8399
-8288 -3792
-9251 -8998
-3935 7437
-7629 -1235
-5200 8844
6180 1627
-5785 -8817
-1284 -3621
-1669 -2885
-6987 -9490
-9741 6139
863 1078
-1589 1255
-6380 6540
-2261 -7805
-5087 6712
-5891 3456
9291 -7442
-9858 2803
-5259 97
-5891 9396
33 538
-548 3553
5813 -2639
2406 7898
7623 -4752
5559 3114
-2390 -4626
-5028 7304
2731 -3909
-4515 622
-5629 -8704
-4474 -3788
-6973 -7090
8871 -7485
1407 -5044
2902 3991
-7435 -3660
-4264 -8880
6674 -8733
1625 4581
3167 7649
8114 -7539
-3222 -3397
-5528 8702
9741 2762
-6519 -2093
-2391 3829
9504 1680
-6158 9840
-8831 -8989
-3071 650
-135 -1956
7913 1520
8194 -4930
4732 2979
-571 -8302
-2537 2993
-5429 1502
-7562 -56
4246 -9190
-8357 -5952
3294 -4802
2717 -8977
6925 -5024
594 -4356
6012 -1849
-9078 -1632
-7120 2447
-3534 -4833
-4507 -822
4485 4168
-7188 2447
8639 8890
-9598 -7660
1070 -3243
-8366 -380
581 -6098
3777 -9708
1445 -4314
5661 -9857
3352 -2453
-9900 1583
2035 5739
8625 6971
-1573 -4820
-9510 -7263
5242 2624
-8935 -9334
8998 -7344
-1752 6899
9211 -1219
-7063 -8893
-3473 -1966
5906 -8890
-344 5698
-7492 -7697
-9294 6648
5817 7703
5351 -6573
8793 5278
2911 6840
-8178 1407
3678 -2124
-7993 1406
5255 7185
2978 -9310
823 1003
4825 9514
-8759 6532
-9520 6042
-8518 7986
-2966 9891
6567 -1913
-2920 -9961
9146 -6929
-9019 -9276
2709 -8144
20
-165 344
-993 882
974 188
324 708
-688 573
-28 -762
-402 23
58 -812
-989 -338
400 -178
938 -872
-810 48
371 44
641 708
-197 206
134 -760
777 -41
-790 86
431 977
499 -563
20
-916 872
-413 -711
522 811
11 829
-999 141
-839 -858
923 -729
-626 277
-483 -549
579 859
726 528
-4 -474
-438 641
-776 892
441 861
841 680
-29 -170
-99 568
-94 831
-882 448
200
-7557 -3890
-369 -3465
2127 2474
-294 8891
3962 -8596
-2197 -1755
8568 -6251
2875 1892
5814 -3885
-6022 -3285
4193 1253
2281 1323
7904 -9518
1802 8001
536 9722
-7195 -9101
1306 -3788
5220 -3719
-3470 2203
-5309 -5373
593 7264
-5696 5829
2001 2905
-5649 -16
1553 -1220
109 -4153
-9247 -4058
611 3522
-3169 -7787
-9761 -265
3175 1470
-5604 8850
-392 2713
3924 5190
-7410 2472
-382 2968
-2363 -1944
6703 4086
-9849 -5068
1679 -241
-7138 837
-4523 -4133
-700 -4979
-9538 -774
6239 -4599
9799 2971
-6143 -9269
-2990 -9233
426 -3261
-1150 3064
7613 8704
4546 -3482
1132 -3266
-9123 -8589
1266 -1395
2411 115
-2358 -6340
-8656 -6089
-3927 -8663
-6766 -3397
1414 5957
4173 9173
9301 7190
411 -3713
-8424 7291
-222 -9662
5797 -2081
5008 2448
4697 5768
5760 8508
6537 -9847
2221 -3796
-6592 -5620
-8509 8097
-6413 -5074
-4174 5501
-4874 2100
-2971 6471
2754 -2600
6283 -8418
-7021 -6149
9989 1871
-8237 -7648
-1126 6796
6969 9216
1564 -3345
-1841 5143
-8112 -959
-8050 5358
743 4342
5508 2266
5640 -2697
-4347 -9488
-8476 2667
8011 -8024
7951 -1724
3133 732
-8012 1323
8065 538
6516 430
-7037 7756
-5373 7419
3769 4367
7726 4870
4942 1126
8874 3746
8580 -1762
9405 -5674
-8065 -6664
-4307 9341
1750 -3856
-8291 -8798
7275 4705
6692 3077
-2600 -4153
-9663 885
3955 222
-3644 6693
8836 7155
-7091 -6672
-5269 1529
-2325 7281
-3658 1503
-734 2951
-9571 -3349
6214 3401
-2283 8105
-82 8234
1698 1600
9875 3196
8695 -6253
-5378 3511
-2230 -5444
-1600 -1210
-2826 -3464
-1595 1190
6253 -8474
6185 -699
-1317 3492
-8026 -8543
-606 -8031
-932 -5052
4456 2669
1103 -6565
-5009 1052
-5124 4746
-160 470
-4902 -397
3408 -7408
5329 -4789
4661 -5287
2810 -4264
-6598 9057
7952 4388
-8797 -7136
-1930 3973
1767 726
7059 -409
-5766 297
-9395 4784
7934 -8315
-8752 -9967
-7558 1918
9616 9381
5025 3857
-8882 2868
1078 4768
-1769 8696
-3288 -7888
-4788 -5250
-3443 -5939
-6060 6558
1388 9303
-1632 8520
7052 31
-5034 -9842
-6406 -7738
9133 6888
9175 -119
528 3696
6287 2330
9950 6409
3901 1031
-7871 4740
-6782 1139
-6859 4810
8852 -8399
-6884 1117
3618 3523
-5503 -7084
-1950 9744
-309 5081
3491 -5509
-6264 -3102
-1400 -4482
1508 -6022
-6336 8437
9121 -3151
5422 279
-4078 3744
20
-590 -492
69 -495
-478 -653
504 420
392 503
-623 801
-162 -329
995 -651
664 377
593 -643
302 -386
757 854
345 419
-311 -43
-535 -763
-817 -897
-721 -206
536 216
566 77
-172 -568
20
-343 991
-956 623
569 -936
320 -440
263 -16
694 12
141 788
-349 -677
613 971
258 136
-474 -967
-768 227
279 506
882 731
671 -761
-963 339
375 561
-714 187
-146 -745
73 -400
200
6507 1945
-1162 939
6587 5355
159 -5951
-9825 1229
-1795 -3094
5735 2102
2048 6184
6175 -5804
-4250 -4241
-3147 9215
1248 -6169
-8678 4728
6056 4332
7383 3361
7522 4424
4413 -3594
-3554 -1402
6706 -9589
5997 3934
9767 -8274
-1755 -1757
3640 3431
7859 4235
8186 4619
8442 -4294
-1916 -55
7380 -6547
6179 6062
8284 -9634
2715 -2992
847 -22
-4599 -2008
2981 -7166
-4565 2248
4246 -6413
-722 833
-9347 8349
-9095 3116
-7367 8224
-1945 6343
7249 -7188
6658 -9167
-4906 -4869
7284 -2800
-3343 -4908
6777 -1140
-6957 9735
-1893 735
653 4335
-7224 9703
-796 2287
934 9257
1832 -6173
5939 842
-9453 1563
9219 658
-5937 -1755
-9251 -3720
3727 -6812
-5080 4954
7012 -1055
-7151 4734
7335 -7139
-1733 -8637
6806 600
7809 -4152
2845 7996
-4215 -3318
-1748 -7529
8431 1967
8693 7293
9234 9696
-2851 -1860
-4347 -2280
-9826 8379
-6190 -366
-3259 2747
6370 -3404
-2086 -9144
3857 -4530
8338 1778
-1612 2613
-5850 7329
7161 8717
-6568 8571
5744 -159
-5329 -4429
-5815 -7163
-6836 -1627
285 6820
-6874 -4082
6030 1776
4128 -382
-8805 2652
5814 -8998
-2785 3942
-5972 962
6622 -4500
8703 8690
5280 -6930
-309 -5165
7298 1048
4722 5094
3641 -6131
6782 2890
-411 2957
3975 -6684
-5414 -2143
3430 6630
9132 9471
-9121 -614
5642 -781
7170 -8222
7278 -3853
5647 2481
-1500 8568
-399 -1925
-8482 1899
-1745 -4526
-9019 9049
-6015 1040
6413 -1705
2060 4419
4323 2364
8681 -3767
-4615 -9034
4121 5396
-4966 6078
9368 -4332
5748 8854
-9328 -8433
9265 -4290
1240 819
-8347 -4872
3664 9244
-4936 -4528
-7181 8624
8262 -4696
-7842 7183
6649 8341
7613 7351
-5908 3380
2679 -7672
3164 1393
7427 -9195
-1509 -715
3827 317
-9876 -2094
3560 3486
178 1821
4745 -9022
6312 9107
4837 1106
-4667 1580
447 -5442
-5267 -9185
5291 6225
-3220 224
6912 5415
-9100 4537
-7700 2616
1487 7913
-2979 3377
-1686 9792
2488 -2122
1140 -2617
-7312 1063
-7751 5647
-739 -9461
-7799 -9734
-9049 -3101
-129 4757
9656 6627
-5117 -5064
-7847 7622
6192 -3267
2629 -2370
1851 -5312
-9781 -4782
9846 8534
6625 5961
-4490 -2091
-4330 -3445
-9645 7256
9388 1156
3200 3331
-6807 -10000
-4133 -1215
7497 8146
8437 6083
-8601 9587
-7056 -3801
-1793 -6436
-1225 -5181
3936 -5402
-4409 9015
-7571 -3831
6056 5145
6932 -6369
200
-636 502
-9693 -6891
652 -810
-5425 9657
4626 -4579
5869 -7354
5792 4467
3776 3054
-7075 8020
7863 826
-5908 -7997
154 5392
-614 6532
-5413 -4944
-628 -9440
-4034 -2779
-6305 -2060
8974 7589
976 4051
-7809 9563
376 -3058
6442 5870
21 1450
8122 -5227
266 5628
-406 1424
678 -6417
-9086 4589
2121 5454
-7055 -5660
-5950 3178
9014 5588
7032 5763
-4596 4439
752 -1871
6821 2794
6561 5438
6747 5275
6271 1524
-5996 -690
-7622 -4529
3563 -3097
7404 9901
-9005 6700
6358 -6497
560 -7378
-4049 -2022
-1176 -3256
465 -5529
671 -9133
-490 5657
-2333 9927
-9012 8085
-13 -8006
1936 4231
9568 -1467
-5949 8979
6314 -6728
-7778 -1938
-5237 -9148
8503 -4456
-3236 4602
-4617 2692
8236 -1519
-1666 -2157
8339 9258
-5459 -1792
-6030 8187
6994 -5834
-6004 -4708
-4064 2691
-3501 -8327
-3022 -1850
-3196 6136
-9300 -5729
9239 9539
8732 8763
9155 -3671
2693 -9261
-7999 -7964
-5859 -9350
3931 -3086
2576 -6549
-8892 1162
9100 877
657 4137
440 -2282
-2608 -1857
-6996 -3735
-1171 5107
8897 6484
-3122 -7224
4772 9137
5592 -6833
-8058 -5377
5411 8747
9644 6509
-7705 1791
2336 -1667
3145 -7576
973 -1423
4549 -5736
-2761 255
-1757 5359
-8661 -4716
-7487 -8255
4931 3763
8612 -1326
-1466 -340
9649 8826
3284 9550
591 7635
-9932 9449
-8484 4232
-3901 -5404
6322 -1486
-1164 5115
-5224 646
-8674 8019
-5015 -5115
574 -3706
8354 7891
-9136 2416
-8472 6478
5178 -2499
6596 7696
-1715 -5348
-1653 -3417
8297 -4607
3565 -221
5725 2677
421 -1888
-1450 8326
-9130 1340
-8538 1823
-2175 -6763
-5330 -5960
-5485 5410
5115 -80
-3994 -7936
7546 -9009
6839 -5967
-3042 -9212
7150 -1051
-8572 -9858
6664 4102
-2769 -2259
9116 -7240
7094 -6863
-3985 -9445
4797 1571
-3626 -6893
4167 3312
801 -1562
-6277 3117
7953 2872
-7832 3600
7057 -6484
9171 -6655
-3533 -7364
2506 -3262
-699 7678
8037 -5234
2434 -4107
1389 8938
-501 1447
-9151 5960
5787 -6480
-5016 8177
76 3801
-2939 2520
-1326 3813
-1039 1387
-6943 -1803
7554 -3685
-7149 -2791
-4057 8712
-5244 -1878
-1325 -4772
1804 625
-5040 1909
4512 1380
3973 8305
-5391 -9709
-8724 7834
-3087 6722
773 6979
6256 -734
2757 6869
-227 1255
2571 -2930
-6651 7075
5347 7089
-2504 818
6083 -4342
-5454 -5735
503 9316
-4290 1666
1626 9301
7090 -3164
6
772 337
-812 -910
-335 23
552 -775
-105 -863
352 -618
5
-5311 -8739
-6845 6215
293 8380
-9332 1500
-6022 3703
200
1903 -858
5729 -2746
4363 -429
-6855 5012
7345 6336
8966 2615
7335 -5602
2740 7565
526 6660
3111 6351
-205 4007
5336 571
-8594 -7904
5843 7943
1288 -8027
68 -986
2991 2198
7514 3528
3472 -8989
1747 3357
-5862 -4352
6208 -7337
-8532 -6250
6304 -9316
3302 -7153
5388 753
2285 -1820
3575 -3481
1143 4399
-3640 6885
6227 -4286
8337 725
8173 9630
684 -1676
5753 -4939
6883 2027
4180 -6574
-7370 -596
8508 -7362
5921 -1421
4774 7266
-6956 -1180
6577 6252
-6397 -1733
4318 -6428
-1855 -3879
-6936 1603
-9031 3893
7315 -6144
-2761 -7800
6207 -2324
9271 1422
-724 2139
-1394 -6576
1476 -8988
8123 3557
-4594 -3942
6905 -9179
-8609 -1766
-2622 -7801
7761 3484
9996 8267
4916 5771
6245 -4766
-1005 -6035
5851 -6260
-9129 7512
-1370 5222
4615 4129
3170 7526
1765 -3150
5433 -8334
-1916 -8824
4932 -239
-1584 -9329
-7435 -5170
1111 -4650
-5481 -4402
4731 -1474
7152 579
-9487 -2584
9825 -353
426 -8613
9684 -7663
-7585 -8875
-6903 -9123
1994 -1401
-1419 -5975
-2155 -1379
3127 9472
-4720 3408
-1436 -5323
8237 -3023
-1501 7261
-8555 866
1655 5176
464 -7294
-6898 -5313
-5322 9004
-4314 -4373
693 58
38 -9682
5269 6849
-5421 -762
-4247 -6135
-1011 -4246
-9669 -3248
-3381 -3969
5954 6269
-3138 -1439
-6691 -9013
-1272 8415
-8418 5066
9274 8226
854 5585
1277 -8882
9730 -6760
-962 5782
1592 2878
9757 5155
8241 2043
-3473 6518
-3677 -9787
-4121 5962
7105 -9665
4916 3380
-1662 -1325
7654 -6403
-4229 9214
684 771
-5151 -3380
1632 -8473
7340 -49
-9899 -6548
-5848 -6506
1618 7394
-8972 -4774
4765 -194
5341 7935
3455 7307
-8540 6959
-3922 8214
-4610 6644
-5487 -1070
1388 8607
-954 8008
-8573 -9954
8939 -6291
-9473 -4806
-4844 -3051
-833 -8346
6283 -7124
7535 -2610
8188 8076
4881 9881
4423 -3586
3515 -1226
4113 -3706
-9765 -8071
3883 -1750
1256 -2327
-7898 -2581
8296 3946
-4867 -6038
4738 5678
3834 8696
6576 1975
-2942 61
-500 3812
3842 5448
7091 -9716
-4966 -2645
-506 -3189
7385 -1706
9991 5222
4369 -3895
1320 4065
7679 3511
-4048 2620
-7046 4848
7843 4248
-4228 -941
5619 746
4089 -7652
4722 -533
-9472 -7461
7710 -9184
3544 1050
8084 2463
-9218 5033
3769 9723
-1802 6852
7936 7751
-5514 -3703
-8033 8074
5044 -3977
-6399 -9343
6290 -3327
7276 -7833
-9160 -3759
20
586 410
658 970
-679 109
-160 600
940 228
-59 388
400 42
645 -43
-330 -899
-681 -573
-781 -373
257 -498
-544 -727
-695 -939
-69 -593
475 -152
-925 -384
-4 -564
-362 903
-374 638
20
-447 916
-757 -337
664 -524
684 164
-732 317
355 -21
877 -867
-919 785
-403 593
-93 757
-447 3
372 -156
-837 -150
573 506
-328 598
778 499
100 448
362 -846
-612 -41
-829 732
200
-9045 -5206
1435 1855
7433 340
-4144 1826
2700 2448
8997 -9574
4942 6318
-8817 -1131
-4477 9708
3020 -1048
5527 3107
7787 -7846
7694 -7963
-3852 -7548
8054 2359
-7147 7994
4649 -3418
-6343 -9664
-1494 9018
-1149 7232
2357 3714
-3534 -2692
-2138 6622
-1845 4160
-565 4337
-5407 450
6903 8257
-6934 -8174
4293 1851
-385 -9782
1728 -5236
5386 -6945
-8419 -7498
-3213 6613
4907 -5795
3963 -8248
2423 -1565
6243 5338
-9643 3738
246 7799
4585 -4824
-6947 2217
-258 7854
6130 -1131
4732 -4631
-8612 7492
-3816 -1290
9054 859
-7196 -8
-4592 5490
-9271 3620
-7363 -5262
4159 -6978
-6350 2267
-1550 -2710
4505 -5904
-9248 -6479
-9780 -698
5706 9074
4878 2313
1815 2802
4600 5814
9515 -8739
7845 8378
55 -1551
-8246 -5837
6120 -7896
-5565 504
801 9990
-8029 9608
3940 -1215
-9078 -278
-5490 9747
-7518 -3557
9632 -5913
3571 -570
-8515 6169
-2144 -101
3680 -3471
563 5244
-8090 -1782
-5937 5316
-4199 6526
4909 103
-9905 402
-6025 8448
1026 -4260
1572 -8965
-1927 -1197
5526 -5257
-4009 -5511
-681 -6084
8561 1260
4474 2730
5865 -8790
7263 2912
-496 -8525
-79 -5962
-9316 8512
2986 -2968
-9477 2490
5721 8053
637 -3438
-7526 7621
-5801 -2923
-3431 -1627
-2646 8865
804 5091
-6208 8425
-5703 7015
-4528 3822
-1403 -4252
2334 -1643
8760 7389
3944 -4196
4103 511
8163 -9333
9957 3278
9187 -6316
7721 -8000
-3797 -4764
-7968 -2035
4973 3031
4525 2974
-986 7346
-5927 8228
-259 -2076
-1412 4023
6144 -9572
-4936 1238
-985 3767
2925 8151
3740 8965
-4421 -9479
-1774 4951
-4856 -4600
55 8009
-6551 9548
-68 -8253
-6358 -7800
-6028 7615
5136 8507
-1397 -7437
-6212 4065
-2845 -6688
-1199 -3195
-2765 5321
-2060 -893
-6901 3556
-8004 3011
-1033 2918
-3611 -8895
-1115 4992
1006 -8144
-9177 747
5717 -2051
-5659 -8559
4121 5891
-8478 9404
3232 9728
-5184 -6124
5218 -254
-9043 -1714
9800 6477
-6179 -5259
-7496 -9834
-7928 -8342
-6052 3331
-8047 2723
9604 2653
2812 851
-894 1177
377 3378
4884 535
2167 3046
9197 2438
-6727 3798
-8909 -5274
6157 6557
-2177 5464
-7335 -1213
7397 -9627
-6930 8128
647 3257
-1220 8499
-9930 5758
-8338 5093
5186 -6596
-8096 1527
2572 1500
738 5430
-6822 5896
-6961 -4134
4257 7911
177 -6891
3786 -1462
-4942 -7579
-5778 -7362
-7208 7659
-6607 -5160
20
0 5
0 10
0 15
0 20
5 0
5 5
5 10
5 15
5 20
10 0
10 5
10 10
10 15
10 20
15 0
15 5
15 10
15 15
15 20
20 0
200
7963 -1139
5765 -9483
-1165 -923
-8068 -6512
-5829 -6964
520 -6042
8778 8440
2538 -8943
-4966 6329
-1827 6318
9222 -2748
-710 4281
-2099 -8505
518 9091
1741 237
9709 969
1425 -1457
9728 9060
1861 -5819
5648 1119
-6030 -3334
-3825 2282
-269 -7012
4137 3845
-4478 -1645
4826 -6474
3634 -8583
2398 -190
4745 -6590
-2291 3795
3271 -5953
-7693 2829
2673 7196
-7015 922
2460 7197
9596 4182
-1034 -4058
3783 8719
-5240 -6068
2251 -8853
-8191 3530
872 1059
-7269 -1094
-1016 7955
27 -2147
-6731 -8241
5118 1176
5904 1251
1112 -1307
1682 -4986
2136 -1062
-7407 -6805
-5638 5374
273 -5978
735 6855
8254 -485
4392 -1027
-3501 804
-8541 -806
4103 1483
-9556 7903
5790 -1500
4366 -4691
-3622 6758
-8984 8478
1264 -1937
-8602 -2902
-6399 5147
-2812 1246
3682 3296
8291 -3732
5838 -6379
6369 2431
5723 -52
9749 5577
5295 7246
-4919 -4305
7542 -8316
-151 5292
-7565 -6936
2603 -5264
-5813 2478
9810 -8999
-6465 -4362
3957 5276
-4491 -2492
-1329 5808
8177 3574
6229 -3997
-2907 4236
3281 -3345
-4476 8167
-3187 8869
-2423 2341
906 -5504
5556 -8219
8373 4752
-3507 -1331
1468 -4288
2089 6406
-2175 5220
-9678 -4848
-5365 9510
-9411 7908
-9558 5670
-3808 -2802
5829 -4830
-2290 -459
5717 4021
3010 8607
-1565 6191
-7496 1334
1315 3619
-6439 -8646
7906 6247
-5092 444
-4528 4052
8520 2089
-3533 -4256
-215 2642
3248 -5131
3632 3563
-3715 -2126
3029 -66
-1094 -2828
8370 -3457
4577 -8339
9052 8752
8119 -1691
-9318 723
-371 -1503
8717 -3680
-7550 7698
3464 9129
-3360 2031
3171 -6951
-3371 6546
1920 9741
-9101 -7630
-4527 4254
-2084 -1417
9557 -1193
7300 -2781
-9133 -5594
-1181 4351
2621 -8350
-3724 -7952
-7220 -7437
2299 -8619
-1911 -29
-2311 1019
-5109 -4418
7558 580
2623 -3627
-5452 3076
-3239 9644
3304 -2151
-3252 5197
4749 -8379
-8782 -3137
1320 8965
-5499 4869
6117 5623
-7424 4164
4415 9106
7274 6200
4902 5430
-5675 178
-6851 8228
3200 6196
8856 -5531
7184 3014
-5317 -116
-7110 4585
-3045 3851
-2545 6037
9856 5286
-2480 5964
9889 7694
248 4973
9275 -4472
-1854 -576
-4181 -7402
2965 4178
-8346 -905
3875 -5427
-8163 -6493
6367 -721
-7257 -1645
-1314 6872
536 -3517
538 -5211
6459 3197
-441 -2338
2750 -9005
8579 3990
6107 1842
-8774 2216
-3798 -907
-6929 -9808
200
-5758 -5631
9417 -7778
2475 -9032
8405 -7446
-439 0
819 -3669
-6356 9830
-8402 -2580
9615 8042
6171 -9894
-1951 -262
-7916 -2394
-9883 -4326
-7819 8676
3165 -8864
-1403 -1611
2367 -6394
-1200 -2932
5600 -2588
-3382 970
-6119 1593
-7332 30
-9360 3396
6913 -2053
8443 -1682
-2742 -3424
4991 6651
9434 -5245
-8230 5707
1287 -2522
-2823 -8483
-9276 -8977
-3341 8210
3707 -2454
3687 3905
-8906 -5983
1440 -7560
-980 -1562
5106 4976
-1616 -5442
-2439 -4009
-5021 -327
-4185 -5627
-397 -3000
-6573 -23
-5568 9529
3278 -2812
4579 2194
-9208 -9722
6184 -4997
-7057 -5277
1107 -6747
-7152 8629
6313 -3050
-7953 3933
-3373 1511
8755 -5138
4975 2131
6806 8380
7600 5823
-9893 -4755
-6542 -5131
-5992 6043
-7073 6489
1937 2733
-6680 6860
-9187 -7880
-6415 6137
-7515 -3864
9264 -4587
-6764 -7161
7509 -8119
9937 8687
2984 2513
8737 9964
7326 1918
-9064 -5755
7863 -4218
2237 7231
6745 -2246
7054 -6253
-2157 6764
3978 225
-3734 -2036
8112 -8572
5473 -1404
-7996 -2719
-9981 -1377
-1663 -5161
9615 -3813
-8214 1741
3377 4738
1092 -9997
375 7735
1148 -2658
2488 2069
-6777 -4710
-3228 3731
9374 2224
7041 -8672
3661 170
7506 4317
2105 2862
6861 -728
-5917 -1183
3741 9438
-9125 7496
-1045 -1061
-7190 8199
9954 -9143
246 6178
-1639 -5070
916 2784
9617 -2088
1571 -8005
1514 -3606
-7956 -8144
3915 9020
-1602 6959
-3627 2270
-6110 -4518
-3491 3446
3936 5406
-733 -3176
2485 9743
-378 1457
8944 -4900
-4862 1953
4682 -8464
879 -4858
-3728 -6508
237 -1908
-8396 -2480
608 2676
-9435 -7463
3825 7103
-4436 4534
-8118 7347
-4384 -4603
-3323 -5253
-8777 2701
-5878 6910
-764 -3159
-5183 128
-9967 6628
926 -8953
-5115 8079
7955 -4101
-9120 4321
-3876 8996
-7820 -6819
-8132 3054
-7150 -14
-179 2576
4429 1356
8632 6834
2594 -6433
4960 -4239
6617 5953
-4900 9427
-1613 3163
-9300 -5322
-9353 -6220
9770 7232
8016 2808
3376 5998
-3958 -2383
-1165 1419
465 -482
-1529 -2813
-4689 6173
2093 -3445
-2843 4044
-7208 3680
-7371 -2492
-5419 -7410
-7779 -8988
8098 571
6814 -4799
668 -5008
-1113 8177
-4209 563
1028 1025
-9414 1283
-9066 -593
8579 1018
7990 -3889
2773 -2858
4357 -1881
4193 -2627
5152 6732
-6851 -3590
-698 -7390
-4227 4663
5507 -5542
-2191 -8359
-8028 9106
-9846 2830
-9268 -5455
4189 -2202
200
-2238 6128
6094 -2369
-8315 -4285
-2368 6672
-5749 -7254
-7153 -6542
-2127 -9269
-3181 666
-1680 -9117
2152 -2356
-9947 6259
9841 56
711 -8888
-3130 -8928
8324 -9154
6988 1018
898 9841
-6343 -621
-6278 -1249
-2756 2916
-2840 -2694
-2334 1635
-4845 6208
-8841 -3754
1342 3685
7251 -9081
8236 6120
-9334 -1824
-5451 5102
6331 -5456
468 1426
-1746 -9470
-664 9911
1167 -9901
8307 -3167
-5459 7670
-5557 -8062
8785 5259
6107 2341
-5939 -551
-7086 -6386
6640 1733
5708 -137
-4709 -9923
5247 4203
-1555 -8257
5309 -2056
1713 -9663
6561 3031
-1665 -4543
4972 -8903
9138 -9435
-3512 4421
669 973
-3585 8338
5164 -6999
667 4364
5616 -4276
-8655 9740
-5342 -7420
-8653 8756
2240 -937
6664 -5351
-9062 1818
7890 4676
2249 -1541
-7203 717
263 -2286
5457 5874
-3497 9672
4269 -3919
-8869 43
-3143 6083
-6225 7309
-420 4215
9548 4314
1378 -9265
9781 -834
-7946 9633
-6283 -4451
-7938 -4929
-5586 -4425
-5921 -9310
-2776 -754
4662 3020
1845 6004
2035 3581
1626 951
2384 -3507
-9857 637
3455 6957
-6022 6794
6742 -1884
-6749 8114
1862 -5185
-5671 485
-7724 -4963
3085 -4200
4988 5966
-7633 5245
6854 9663
743 -233
1089 4707
3756 -1488
4518 2439
2757 -7949
-3658 -7532
-9225 6885
2482 -9174
-7749 -2712
6178 3235
3475 3840
-7965 -8082
872 -4249
-2884 -186
-514 -2856
1975 -5759
-4537 974
3002 7896
-4756 940
2995 -1211
865 7592
-5413 1750
2136 3263
-3022 -3884
1468 -5498
-2345 7242
-1758 -7963
-2705 -710
-8516 2761
7022 -252
-3714 2310
-5532 9024
791 -9468
7161 1942
6099 -9683
1696 7983
7303 4210
8294 6782
378 2705
-7574 4188
-3864 87
3710 6263
-8377 8735
-5357 1929
-3730 2549
6949 1870
-3933 -862
7218 5647
-859 4831
-3557 -417
6937 -3273
-6354 -5909
860 4075
-2138 -9705
-7870 4190
8299 2695
5137 4872
-6222 7755
-8313 -7549
5113 4124
-7337 1948
-2158 8500
-7241 -6694
5509 6581
194 195
9292 2988
7441 -3050
9899 -9348
3290 -2406
2274 8944
-2168 1305
7796 -9660
2804 -3591
9181 5178
-5779 3653
-936 -1224
-4172 530
-599 -3950
8495 -3606
-2237 2210
2689 -354
7226 -1657
-1112 6367
-2865 -8588
-9103 -1299
531 8070
-788 -9434
4165 9225
542 9172
-3805 9031
1101 1372
-7242 -6210
3558 6345
-2244 7
7233 -6411
6905 8068
3998 -3159
897 3501
-9961 -3266
19
-867 -991
369 -314
818 -44
-36 719
-373 -83
-660 -586
-671 689
-940 -765
349 28
-712 -844
-223 895
-79 -424
130 -486
-545 -209
-831 12
28 337
162 -250
-944 -776
-528 509
