15
20
-343 991
-956 623
569 -936
320 -440
263 -16
694 12
141 788
-349 -677
613 971
258 136
-474 -967
-768 227
279 506
882 731
671 -761
-963 339
375 561
-714 187
-146 -745
73 -400
20
-107 -254
502 -838
697 -476
-768 -374
375 -526
655 -962
-749 -332
677 -832
975 -193
631 -56
114 -641
873 -298
86 735
89 -742
-316 823
378 -169
973 -560
-896 -737
171 559
-861 -163
20
586 410
658 970
-679 109
-160 600
940 228
-59 388
400 42
645 -43
-330 -899
-681 -573
-781 -373
257 -498
-544 -727
-695 -939
-69 -593
475 -152
-925 -384
-4 -564
-362 903
-374 638
20
424 -619
759 -435
-656 -65
-907 -622
357 556
-73 223
-621 -354
-204 -929
826 -115
-366 -967
341 -490
270 173
269 787
433 695
832 -422
565 -883
-634 655
700 -606
349 -582
-64 150
20
-590 -492
69 -495
-478 -653
504 420
392 503
-623 801
-162 -329
995 -651
664 377
593 -643
302 -386
757 854
345 419
-311 -43
-535 -763
-817 -897
-721 -206
536 216
566 77
-172 -568
20
0 5
0 10
0 15
0 20
5 0
5 5
5 10
5 15
5 20
10 0
10 5
10 10
10 15
10 20
15 0
15 5
15 10
15 15
15 20
20 0
20
-165 344
-993 882
974 188
324 708
-688 573
-28 -762
-402 23
58 -812
-989 -338
400 -178
938 -872
-810 48
371 44
641 708
-197 206
134 -760
777 -41
-790 86
431 977
499 -563
6
772 337
-812 -910
-335 23
552 -775
-105 -863
352 -618
20
-82 -688
-353 282
176 791
708 39
-829 -240
5 -458
61 188
-560 108
-132 554
-838 867
-345 -13
512 631
864 -398
-294 -685
736 -33
446 -477
-775 479
284 825
151 348
95 24
20
-447 916
-757 -337
664 -524
684 164
-732 317
355 -21
877 -867
-919 785
-403 593
-93 757
-447 3
372 -156
-837 -150
573 506
-328 598
778 499
100 448
362 -846
-612 -41
-829 732
20
-64 -315
566 -551
-938 126
326 -710
389 -522
229 -816
-989 725
542 601
298 -418
490 153
91 440
-34 -333
541 867
112 -348
-470 818
591 -39
-781 198
279 -435
-431 -701
718 -432
19
-867 -991
369 -314
818 -44
-36 719
-373 -83
-660 -586
-671 689
-940 -765
349 28
-712 -844
-223 895
-79 -424
130 -486
-545 -209
-831 12
28 337
162 -250
-944 -776
-528 509
20
-916 872
-413 -711
522 811
11 829
-999 141
-839 -858
923 -729
-626 277
-483 -549
579 859
726 528
-4 -474
-438 641
-776 892
441 861
841 680
-29 -170
-99 568
-94 831
-882 448
20
320 -446
-877 -797
-270 -975
-180 339
362 837
471 -315
919 969
375 -228
585 -945
739 536
741 -156
-896 227
681 -11
30 618
-451 57
-362 -52
310 253
918 -470
-237 -89
-1 479
8
-536 106
-921 220
317 861
223 -459
137 722
-1 -762
-727 50
-602 -278
