3 5
2 3
74 88
65 85
8 13
34 50
24 99
24 61
3 8
28 95
73 77
64 87
21 100
8 15
50 96
41 57
23 26
27 81
8 85
16 80
12 19
5 10
13 17
1 100
72 78
14 17
3 13
73 81
12 13
31 54
64 83
59 86
55 56
9 12
16 19
4 9
11 19
15 18
15 16
19 71
19 60
2 71
33 76
68 95
20 91
16 19
3 8
11 58
23 65
7 18
48 50
1 50
87 99
46 73
9 20
1 77
68 88
41 59
58 95
58 89
20 66
7 9
27 75
33 95
31 50
1 5
4 12
8 16
9 17
5 16
24 51
12 97
41 99
7 39
5 6
5 11
9 17
53 54
36 41
6 25
42 45
24 96
22 48
39 97
47 65
50 78
27 66
2 8
3 7
5 11
