298 309
219 330
193 270
2 3
15 18
189 365
205 237
312 459
9 20
7 18
161 370
88 275
122 493
78 483
113 182
362 365
87 99
46 73
385 495
132 301
9 401
96 456
4 263
185 375
346 410
146 303
6 84
74 88
65 85
71 116
276 361
146 255
4 12
13 17
2 8
19 71
19 60
8 13
48 50
1 50
206 271
134 315
288 387
1 77
68 88
7 9
27 75
11 19
39 97
47 65
38 391
168 443
168 366
9 17
2 71
33 76
9 12
92 429
221 466
266 314
65 363
234 269
335 380
8 85
16 80
218 340
6 436
367 369
3 5
5 6
23 26
27 81
1 100
72 78
8 15
16 19
229 285
89 187
280 329
13 98
13 290
141 215
69 127
144 480
284 330
2 183
54 310
308 428
11 58
23 65
14 17
5 11
34 50
24 99
3 13
73 81
100 429
172 181
208 447
3 8
292 494
221 275
115 240
5 11
50 78
27 66
50 96
41 57
24 96
22 48
24 51
12 97
9 17
419 444
17 41
117 471
41 59
58 95
139 397
227 400
89 478
31 54
64 83
24 61
3 8
267 399
299 345
79 340
12 13
59 86
55 56
15 16
48 262
11 308
305 389
58 89
20 66
16 19
98 469
73 272
162 459
33 95
31 50
68 95
20 91
53 54
36 41
8 16
1 5
5 10
28 95
73 77
113 322
198 305
125 456
206 242
250 303
460 472
12 19
273 284
184 457
55 57
5 16
3 7
153 202
136 318
59 277
77 342
191 357
213 235
41 99
7 39
4 9
6 25
42 45
66 74
40 297
252 435
64 87
21 100
