24745.73045
24805.53493
25043.70578
25075.25671
23041.18378
24462.74534
25001.43905
23275.57436
24688.53303
22042.99842
23257.45211
24629.74690
24321.62646
24461.80551
23032.33012
23789.44530
22046.23512
22508.36610
24520.09550
24085.58834
23449.04265
24181.88238
22159.04535
22954.12328
24554.44867
22059.09756
24234.59266
24470.10984
23957.69717
22350.30362
23233.80231
25024.83858
25044.17378
24292.68623
23812.97131
24296.11625
25115.08937
23096.51172
24343.36745
22129.17680
23169.86080
22628.73407
22418.54333
22732.26677
22104.40362
