25001.43905
24805.53493
369.12307
23449.04265
540.34645
18444.55643
32675.40296
225.39990
329.72178
23257.45211
23096.51172
23041.18378
24085.58834
509.35931
315.21671
297.37027
24343.36745
19239.09929
23957.69717
24321.62646
24745.73045
32621.08328
25043.70578
34144.51258
263.84330
24593.92450
338.46597
0.00000
24684.05667
24234.59266
22129.17680
22159.04535
0.00000
23275.57436
407.49081
313.48430
23233.80231
306.43973
25841.00868
252.27050
29379.87610
25024.83858
20969.95151
0.00000
23032.33012
30624.52502
26030.33968
0.00000
294.61683
22732.26677
0.00000
0.00000
194.43221
25075.25671
32207.85848
91.41116
31055.50527
28967.73910
394.44930
28232.20104
24181.88238
23789.44530
365.96170
24296.11625
382.62863
28260.26305
130.13839
112.92475
20544.32329
22628.73407
19573.61565
22042.99842
24688.53303
390.16651
22104.40362
24292.68623
22350.30362
20521.64147
456.97725
20372.08476
302.07188
31226.59475
22954.12328
34548.14001
33088.40843
22418.54333
319.60485
29197.19276
35904.05872
25115.08937
34284.31895
140.65561
400.71644
23839.75106
286.45254
250.49972
23812.97131
33027.00394
19953.52770
88.56636
457.72740
374.48557
570.51315
125.30645
19361.63157
22059.09756
25044.17378
22515.07279
23350.52460
268.63203
22030.18196
24520.09550
457.90001
19872.07847
455.45935
22046.23512
23169.86080
28039.95115
29870.13099
487.79914
19674.47944
127.31064
25572.78422
27187.85963
30568.39441
22508.36610
24554.44867
24629.74690
24462.74534
35134.39054
35359.09730
32314.64684
24461.80551
24470.10984
20068.07243
